GlobalMeanRating:  3.2281371945
allRatingsAverage:  3.60428996442
total number of ratings:  100480507
